6.16 -0.04 138 0.67
6.16 -0.04 138 0.67
6.16 -0.04 138 0.67
6.16 -0.04 138 0.67
6.16 -0.04 138 0.67
6.16 -0.04 138 0.67
6.16 -0.04 138 0.67
6.16 -0.04 138 0.67
6.16 -0.04 138 0.67
6.16 -0.04 138 0.67
6.16 -0.04 138 0.67
6.17 -0.04 585 2.86
6.17 -0.03 395 1.93
6.17 -0.04 664 3.24
6.17 -0.04 455 2.22
6.16 -0.03 505 2.47
6.17 -0.03 624 3.05
6.17 -0.04 385 1.88
6.17 -0.02 27 0.13
6.18 0.01 27 0.13
6.19 0.04 27 0.13
6.21 0.06 27 0.13
6.26 0.11 27 0.13
6.27 0.18 27 0.13
6.29 0.15 26 0.13
6.36 0.29 26 0.13
6.63 0.70 25 0.12
6.46 0.43 25 0.12
6.77 0.96 25 0.12
6.74 0.90 25 0.12
6.31 0.15 25 0.12
6.80 1.00 25 0.12

7.79 0.88   26 0.13 -> 11
7.81 0.91   26 0.13 -> 11
7.81 0.90   26 0.13 -> 11
7.79 0.89   26 0.13 -> 11
7.79 0.88   26 0.13 -> 11
7.79 0.88   26 0.13 -> 11
7.80 0.89   26 0.13 -> 11
7.80 0.91   26 0.13 -> 11
7.68 0.69   28 0.14 -> 11
7.28 -0.01   1012 4.94 -> 13
7.27 -0.02   1012 4.94 -> 13
7.27 -0.02   1012 4.94 -> 13
7.27 -0.03   1012 4.94 -> 13
7.26 -0.03   1012 4.94 -> 13
7.26 -0.02   1012 4.94 -> 13
7.25 -0.03   1012 4.94 -> 13
7.25 -0.01   1012 4.94 -> 13
7.25 -0.02   1012 4.94 -> 13
7.25 -0.01   1012 4.94 -> 13